Cluster 1: [0]
Cluster 2: [1]
Cluster 3: [2]
Cluster 4: [3]
Cluster 5: [4]
Cluster 6: [5]
Cluster 7: [6]
Cluster 8: [7]
Cluster 9: [8]
Cluster 10: [9]
Cluster 11: [10]
Cluster 12: [11]
Cluster 13: [12]
Cluster 14: [13, 15, 1784]
Cluster 15: [14]
Cluster 16: [16, 17, 23]
Cluster 17: [18]
Cluster 18: [19]
Cluster 19: [20, 21, 22, 24, 26, 28, 31, 66, 67, 68, 69, 70, 71, 82, 83, 85, 86, 88, 89, 90, 91, 92, 93, 94, 95, 96, 97, 98, 99, 100, 101, 104, 106, 108, 111, 116, 117, 120, 124, 127, 151, 153, 159, 160, 161, 175, 183, 184, 187, 190, 196, 197, 198, 211, 219, 243, 244, 1312, 1317, 1329, 2828]
Cluster 20: [25]
Cluster 21: [27]
Cluster 22: [29, 30]
Cluster 23: [32, 39, 40, 41, 42, 43, 44, 45, 46, 47, 48, 49, 51, 53, 54, 55, 58, 59, 60, 76, 77, 78, 80, 103, 128, 129, 130, 139, 140, 146, 242, 245, 249]
Cluster 24: [33]
Cluster 25: [34, 38]
Cluster 26: [35, 36, 37, 50, 167, 168, 170, 1017]
Cluster 27: [52]
Cluster 28: [56, 57]
Cluster 29: [61]
Cluster 30: [62, 72]
Cluster 31: [63, 64, 65]
Cluster 32: [73, 74, 75, 334]
Cluster 33: [79]
Cluster 34: [81]
Cluster 35: [84, 87]
Cluster 36: [102]
Cluster 37: [105]
Cluster 38: [107, 109, 110, 112, 113, 115, 118, 125, 126, 132, 142, 143, 144, 145, 147, 148, 149, 150, 152, 155, 156, 157, 171, 172, 176, 177, 178, 180, 181, 185, 186, 188, 189, 192, 193, 199, 200, 201, 202, 203, 216, 217, 218, 220, 229, 231, 239, 240, 246, 250, 251, 252, 258, 265, 267, 268, 269, 270, 273, 285, 286, 293, 294, 295, 296, 297, 299, 309, 310, 312, 379, 380, 381, 458, 461, 467, 496, 499, 649, 680, 686, 958, 959, 978, 1594]
Cluster 39: [114]
Cluster 40: [119, 1076, 1077, 1078, 1079, 1080, 1081, 1082, 1083, 1084, 1087, 1092, 1093, 1094, 1100, 1104, 1105, 1108, 1145, 1146, 1147, 1155]
Cluster 41: [121]
Cluster 42: [122]
Cluster 43: [123]
Cluster 44: [131]
Cluster 45: [133]
Cluster 46: [134, 135]
Cluster 47: [136]
Cluster 48: [137]
Cluster 49: [138]
Cluster 50: [141, 324, 325, 333, 335, 336, 372, 375, 376, 377, 378, 383, 384, 390, 404, 410, 411, 412, 414, 415, 417, 418, 419, 420, 421, 423, 424, 426, 427, 428, 429, 431, 432, 433, 436, 438, 439, 440, 441, 442, 443, 444, 446, 447, 448, 452, 453, 454, 455, 456, 457, 459, 460, 462, 464, 465, 466, 468, 469, 470, 471, 472, 473, 474, 475, 476, 478, 482, 483, 484, 485, 497, 498, 502, 503, 504, 505, 506, 507, 509, 512, 513, 514, 515, 516, 517, 518, 519, 520, 521, 522, 523, 526, 530, 531, 537, 539, 540, 541, 542, 547, 548, 549, 550, 553, 554, 555, 556, 558, 576, 577, 578, 579, 580, 582, 583, 584, 586, 587, 591, 592, 593, 595, 596, 607, 608, 609, 610, 614, 615, 616, 617, 618, 619, 620, 621, 622, 623, 624, 627, 628, 629, 631, 632, 633, 634, 635, 636, 637, 643, 650, 651, 652, 653, 655, 657, 658, 675, 676, 677, 678, 681, 682, 683, 684, 685, 687, 688, 689, 694, 695, 696, 697, 698, 699, 700, 702, 708, 710, 711, 712, 715, 721, 722, 724, 726, 728, 729, 733, 740, 742, 746, 747, 748, 749, 760, 763, 780, 781, 782, 783, 786, 802, 837, 838, 839, 841, 850, 851, 853, 854, 858, 859, 860, 861, 862, 863, 864, 867, 869, 878, 879, 888, 889, 906, 909, 910, 911, 912, 913, 915, 916, 917, 918, 919, 920, 921, 928, 929, 953, 955, 962, 965, 966, 967, 968, 969, 970, 975, 976, 977, 979, 981, 982, 983, 987, 988, 989, 996, 997, 998, 1001, 1002, 1004, 1005, 1006, 1007, 1008, 1009, 1010, 1011, 1014, 1016, 1018, 1019, 1020, 1021, 1022, 1023, 1024, 1025, 1026, 1031, 1032, 1035, 1038, 1039, 1040, 1041, 1042, 1043, 1044, 1046, 1047, 1048, 1049, 1050, 1053, 1054, 1057, 1060, 1061, 1062, 1063, 1064, 1065, 1066, 1067, 1068, 1069, 1070, 1071, 1072, 1073, 1075, 1086, 1090, 1091, 1095, 1097, 1099, 1101, 1102, 1103, 1106, 1107, 1110, 1111, 1112, 1113, 1114, 1115, 1116, 1117, 1118, 1119, 1120, 1121, 1122, 1124, 1131, 1133, 1134, 1135, 1136, 1137, 1138, 1140, 1142, 1143, 1144, 1148, 1149, 1150, 1151, 1152, 1153, 1154, 1156, 1157, 1158, 1159, 1161, 1162, 1163, 1164, 1165, 1167, 1170, 1171, 1172, 1174, 1175, 1176, 1177, 1178, 1179, 1180, 1181, 1182, 1183, 1184, 1185, 1186, 1187, 1189, 1190, 1191, 1192, 1193, 1195, 1197, 1198, 1204, 1205, 1209, 1212, 1213, 1217, 1218, 1219, 1223, 1233, 1235, 1236, 1241, 1244, 1247, 1248, 1249, 1251, 1252, 1253, 1254, 1255, 1256, 1257, 1258, 1259, 1260, 1261, 1263, 1266, 1268, 1275, 1281, 1282, 1283, 1291, 1292, 1294, 1295, 1296, 1302, 1305, 1307, 1311, 1313, 1314, 1319, 1320, 1321, 1322, 1323, 1324, 1325, 1327, 1328, 1330, 1331, 1333, 1334, 1335, 1336, 1337, 1338, 1339, 1342, 1343, 1344, 1345, 1346, 1347, 1348, 1349, 1350, 1351, 1352, 1353, 1354, 1357, 1361, 1362, 1363, 1364, 1366, 1368, 1369, 1370, 1371, 1372, 1373, 1374, 1375, 1376, 1377, 1379, 1380, 1382, 1383, 1384, 1386, 1390, 1391, 1392, 1396, 1397, 1398, 1399, 1400, 1401, 1402, 1403, 1405, 1406, 1407, 1411, 1412, 1413, 1414, 1415, 1416, 1417, 1418, 1420, 1421, 1422, 1423, 1425, 1426, 1427, 1428, 1431, 1435, 1438, 1440, 1442, 1443, 1444, 1445, 1446, 1448, 1449, 1450, 1451, 1452, 1453, 1454, 1455, 1456, 1457, 1458, 1459, 1460, 1462, 1463, 1464, 1465, 1466, 1467, 1468, 1469, 1470, 1471, 1472, 1474, 1475, 1476, 1477, 1478, 1479, 1480, 1481, 1482, 1483, 1484, 1485, 1486, 1487, 1488, 1490, 1491, 1492, 1494, 1495, 1496, 1497, 1498, 1499, 1500, 1501, 1502, 1503, 1504, 1505, 1506, 1508, 1509, 1510, 1511, 1514, 1515, 1516, 1517, 1518, 1519, 1520, 1521, 1524, 1525, 1526, 1527, 1528, 1529, 1530, 1532, 1533, 1534, 1544, 1547, 1548, 1549, 1550, 1551, 1552, 1553, 1554, 1556, 1557, 1558, 1559, 1562, 1564, 1565, 1566, 1569, 1570, 1571, 1576, 1578, 1579, 1581, 1584, 1585, 1586, 1589, 1591, 1592, 1593, 1602, 1607, 1608, 1609, 1610, 1614, 1620, 1623, 1624, 1629, 1637, 1639, 1647, 1653, 1654, 1655, 1656, 1662, 1663, 1664, 1665, 1666, 1691, 1692, 1694, 1700, 1704, 1706, 1711, 1712, 1719, 1729, 1730, 1731, 1732, 1733, 1739, 1746, 1747, 1753, 1754, 1760, 1761, 1762, 1766, 1771, 1773, 1774, 1775, 1776, 1783, 1790, 1791, 1793, 1794, 1796, 1799, 1800, 1802, 1803, 1804, 1805, 1806, 1808, 1809, 1810, 1811, 1812, 1813, 1814, 1816, 1817, 1818, 1819, 1822, 1825, 1826, 1827, 1828, 1829, 1831, 1833, 1834, 1835, 1836, 1837, 1838, 1840, 1841, 1842, 1843, 1845, 1846, 1847, 1848, 1849, 1850, 1853, 1855, 1856, 1857, 1858, 1860, 1861, 1863, 1864, 1865, 1866, 1867, 1868, 1871, 1872, 1873, 1874, 1875, 1876, 1877, 1878, 1879, 1880, 1881, 1882, 1883, 1885, 1886, 1887, 1888, 1889, 1890, 1891, 1892, 1893, 1894, 1895, 1896, 1897, 1898, 1899, 1900, 1901, 1902, 1903, 1904, 1905, 1906, 1907, 1908, 1909, 1910, 1911, 1912, 1914, 1916, 1918, 1919, 1920, 1921, 1922, 1923, 1926, 1928, 1934, 1937, 1939, 1940, 1941, 1942, 1943, 1944, 1945, 1946, 1947, 1950, 1951, 1952, 1953, 1959, 1960, 1961, 1964, 1965, 1966, 1967, 1968, 1969, 1970, 1971, 1973, 1974, 1983, 1985, 1986, 1991, 1994, 1998, 2000, 2001, 2002, 2003, 2004, 2005, 2006, 2007, 2008, 2010, 2011, 2012, 2013, 2016, 2018, 2024, 2034, 2035, 2036, 2038, 2040, 2041, 2042, 2043, 2045, 2046, 2047, 2048, 2049, 2050, 2051, 2053, 2056, 2057, 2058, 2059, 2060, 2061, 2062, 2063, 2068, 2069, 2071, 2072, 2073, 2074, 2076, 2082, 2083, 2084, 2085, 2086, 2087, 2088, 2089, 2090, 2091, 2092, 2094, 2095, 2096, 2097, 2098, 2099, 2100, 2103, 2104, 2105, 2106, 2108, 2109, 2110, 2111, 2112, 2113, 2114, 2115, 2116, 2117, 2118, 2119, 2120, 2121, 2122, 2123, 2125, 2126, 2127, 2130, 2131, 2133, 2134, 2135, 2136, 2137, 2138, 2139, 2140, 2142, 2143, 2144, 2146, 2147, 2148, 2149, 2151, 2152, 2153, 2154, 2155, 2156, 2157, 2158, 2159, 2160, 2161, 2162, 2163, 2164, 2165, 2166, 2167, 2168, 2169, 2170, 2171, 2172, 2173, 2174, 2175, 2176, 2177, 2178, 2184, 2185, 2186, 2187, 2189, 2190, 2192, 2193, 2196, 2197, 2198, 2200, 2201, 2202, 2203, 2204, 2205, 2206, 2207, 2208, 2209, 2210, 2212, 2214, 2215, 2216, 2217, 2218, 2219, 2220, 2222, 2223, 2224, 2225, 2226, 2227, 2228, 2229, 2230, 2231, 2233, 2234, 2235, 2236, 2237, 2238, 2239, 2240, 2241, 2242, 2243, 2244, 2246, 2247, 2248, 2250, 2251, 2254, 2255, 2256, 2257, 2258, 2259, 2260, 2261, 2262, 2263, 2264, 2265, 2266, 2270, 2272, 2273, 2275, 2276, 2277, 2278, 2279, 2280, 2281, 2282, 2284, 2285, 2286, 2287, 2288, 2289, 2290, 2291, 2292, 2293, 2294, 2295, 2298, 2299, 2300, 2301, 2302, 2304, 2306, 2307, 2308, 2309, 2310, 2311, 2312, 2313, 2314, 2316, 2317, 2318, 2319, 2321, 2322, 2324, 2325, 2326, 2327, 2328, 2329, 2330, 2332, 2333, 2334, 2335, 2336, 2337, 2338, 2339, 2340, 2341, 2342, 2343, 2344, 2345, 2346, 2347, 2348, 2349, 2350, 2351, 2352, 2354, 2355, 2356, 2357, 2358, 2359, 2362, 2364, 2365, 2366, 2367, 2368, 2369, 2370, 2373, 2374, 2375, 2376, 2377, 2378, 2379, 2380, 2381, 2382, 2383, 2384, 2385, 2386, 2393, 2394, 2399, 2400, 2401, 2402, 2403, 2408, 2409, 2412, 2417, 2420, 2421, 2422, 2426, 2427, 2428, 2429, 2430, 2431, 2432, 2433, 2434, 2435, 2436, 2437, 2438, 2442, 2443, 2446, 2447, 2449, 2454, 2455, 2456, 2458, 2459, 2460, 2461, 2462, 2463, 2464, 2465, 2467, 2469, 2470, 2471, 2472, 2473, 2474, 2475, 2476, 2477, 2478, 2480, 2481, 2482, 2483, 2485, 2486, 2487, 2488, 2489, 2490, 2491, 2492, 2493, 2494, 2495, 2496, 2497, 2498, 2499, 2500, 2501, 2502, 2503, 2504, 2509, 2512, 2513, 2514, 2522, 2523, 2525, 2526, 2527, 2528, 2529, 2531, 2533, 2534, 2535, 2536, 2539, 2540, 2542, 2543, 2544, 2545, 2546, 2547, 2548, 2550, 2551, 2552, 2556, 2557, 2558, 2559, 2563, 2564, 2565, 2566, 2567, 2568, 2569, 2570, 2571, 2574, 2579, 2580, 2582, 2583, 2584, 2585, 2586, 2587, 2588, 2589, 2591, 2592, 2593, 2594, 2598, 2599, 2600, 2601, 2602, 2603, 2606, 2607, 2608, 2609, 2611, 2613, 2615, 2616, 2617, 2618, 2619, 2620, 2622, 2623, 2624, 2625, 2626, 2628, 2629, 2632, 2637, 2638, 2639, 2640, 2641, 2642, 2643, 2644, 2645, 2646, 2647, 2648, 2649, 2650, 2651, 2652, 2653, 2654, 2655, 2656, 2657, 2658, 2659, 2660, 2661, 2662, 2663, 2665, 2667, 2668, 2669, 2670, 2671, 2672, 2673, 2674, 2677, 2678, 2679, 2680, 2681, 2682, 2683, 2684, 2685, 2686, 2687, 2688, 2689, 2690, 2692, 2693, 2696, 2697, 2698, 2701, 2705, 2706, 2707, 2709, 2710, 2711, 2712, 2713, 2715, 2716, 2717, 2718, 2719, 2720, 2721, 2722, 2723, 2724, 2725, 2726, 2727, 2728, 2729, 2730, 2731, 2732, 2735, 2736, 2737, 2738, 2739, 2741, 2742, 2743, 2744, 2745, 2746, 2747, 2748, 2749, 2750, 2752, 2753, 2754, 2755, 2756, 2758, 2759, 2760, 2761, 2762, 2763, 2764, 2765, 2768, 2769, 2770, 2771, 2773, 2775, 2776, 2777, 2778, 2779, 2783, 2784, 2785, 2786, 2789, 2790, 2791, 2792, 2798, 2799, 2800, 2801, 2802, 2803, 2805, 2806, 2812, 2814, 2815, 2816, 2818, 2821, 2824, 2825, 2829, 2830, 2831, 2832, 2833, 2837, 2842, 2844, 2850, 2852, 2854, 2856, 2857, 2858, 2859, 2865, 2867, 2868, 2869, 2874, 2877, 2878, 2879, 2880, 2881, 2882, 2883, 2886, 2899, 2914, 2917, 2918, 2924, 2926, 2927, 2928, 2929, 2935, 2936, 2937, 2938, 2939, 2940, 2942, 2943, 2944, 2945, 2949, 2951, 2952, 2953, 2954, 2955, 2956, 2957, 2958, 2961, 2962, 2963, 2964, 2965, 2966, 2972, 2978, 2979, 2980, 2982, 2984, 2986, 2987, 2988, 2996, 2998, 3003, 3004, 3007, 3013, 3015, 3018, 3022, 3023, 3025, 3026, 3027, 3031, 3034, 3036, 3037, 3038, 3039, 3040, 3042, 3049, 3057, 3058, 3060, 3062, 3066, 3070, 3076, 3082, 3085, 3095, 3101, 3106, 3107, 3108, 3109, 3110, 3111, 3112, 3121, 3122, 3123, 3125, 3136, 3152, 3153, 3154, 3155, 3156, 3157, 3158, 3159, 3161, 3162, 3163, 3164, 3165, 3166, 3167, 3170, 3171, 3172, 3173, 3175, 3176, 3177, 3178, 3179, 3180, 3181, 3185, 3186, 3187, 3188, 3189, 3202, 3203, 3204, 3214, 3215, 3217, 3218, 3219, 3222, 3223, 3225, 3226, 3227, 3228, 3229, 3231, 3239, 3240, 3241, 3242, 3243, 3247, 3252, 3255, 3256, 3259, 3260, 3261, 3262, 3263, 3264, 3265, 3266, 3267, 3268, 3269, 3270, 3273, 3275, 3276, 3277, 3281, 3282, 3283, 3284, 3286, 3287, 3289, 3290, 3291, 3292, 3293, 3296, 3298, 3299, 3301, 3304, 3305, 3306, 3307, 3308, 3309, 3310, 3311, 3312, 3313, 3314, 3315, 3316, 3318, 3319, 3320, 3321, 3322, 3323, 3324, 3326, 3328, 3329, 3331, 3332, 3333, 3335, 3337, 3339, 3340, 3349, 3350, 3351, 3352, 3353, 3354, 3355, 3357, 3358, 3359, 3360, 3365, 3367, 3370, 3372, 3373, 3374, 3376, 3383, 3384, 3385, 3386, 3387, 3388, 3389, 3390, 3391, 3392, 3393, 3394, 3395, 3396, 3398, 3399, 3400, 3403, 3404, 3405, 3406, 3407, 3426, 3427, 3428, 3429, 3432, 3433, 3434, 3435, 3437, 3438, 3441, 3442, 3444, 3446, 3448, 3449, 3450, 3451, 3453, 3454, 3455, 3456, 3457, 3458, 3460, 3461, 3462, 3464, 3465, 3466, 3467, 3468, 3469, 3478, 3480, 3481, 3482, 3483, 3484, 3485, 3487, 3488, 3489, 3490, 3491, 3494, 3500, 3501, 3503, 3505, 3517, 3520, 3521, 3522, 3524, 3525, 3526, 3532, 3537, 3547, 3549, 3550, 3551, 3552, 3553, 3554, 3555, 3556, 3560, 3575, 3576, 3578, 3579, 3580, 3585, 3586, 3587, 3588, 3590, 3591, 3592, 3593, 3594, 3596, 3597, 3603, 3604, 3612, 3613, 3614, 3617, 3618, 3619, 3620, 3621, 3622, 3623, 3627, 3628, 3633, 3634, 3635, 3636, 3637, 3639, 3640, 3641, 3643, 3654, 3655, 3656, 3657, 3658, 3659, 3663, 3664, 3665, 3666, 3667, 3668, 3669, 3670, 3671, 3672, 3673, 3674, 3675, 3676, 3677, 3678, 3679, 3681, 3682, 3683, 3684, 3685, 3686, 3687, 3688, 3689, 3691, 3692, 3693, 3694, 3695, 3696, 3697, 3698, 3699, 3700, 3702, 3703, 3704, 3708, 3709, 3710, 3711, 3715, 3716, 3717, 3718, 3719, 3730, 3733, 3734, 3759, 3764, 3765, 3766, 3786, 3792, 3794, 3795, 3796, 3797, 3799, 3800, 3801, 3802, 3805, 3810, 3817, 3820, 3822, 3832, 3835, 3844, 3845, 3847, 3848, 3851, 3852, 3853, 3857, 3858, 3894, 3895, 3896, 3897, 3900, 3908, 3924, 3930, 3931, 3934, 3935, 3950, 3986, 3989, 3990, 3993, 3994, 3996, 3997, 3998, 4002, 4003, 4004, 4005, 4008, 4010, 4011, 4012, 4013, 4014, 4015, 4016, 4018, 4021, 4025, 4026, 4027, 4030, 4031, 4034, 4035, 4036, 4041, 4045, 4046, 4047, 4050, 4051, 4052, 4053, 4054, 4055, 4056, 4058, 4060, 4071, 4074, 4076, 4077, 4078, 4079, 4080, 4081, 4083, 4088, 4090, 4091, 4092, 4093, 4097, 4102, 4120, 4133, 4140, 4141, 4142, 4144, 4149, 4150, 4151, 4161, 4174, 4194, 4203, 4207, 4235, 4237, 4240, 4241, 4242, 4243, 4244, 4245, 4248, 4249, 4260]
Cluster 51: [154]
Cluster 52: [158]
Cluster 53: [162, 163, 164, 194, 777, 778, 779, 787, 788, 789, 799, 800, 805, 806, 815, 816, 817, 818, 822, 823, 824, 825, 827, 828, 829, 830, 831, 832, 833, 847, 848, 893, 940, 941, 943, 944, 960, 972, 973, 974, 1738, 2245]
Cluster 54: [165, 166, 191, 206, 207, 208, 212, 213, 214, 215, 222, 223, 226, 227, 233, 234, 235, 236, 257, 259, 260, 261, 263, 272, 274, 275, 276, 277, 278, 279, 280, 281, 283, 284, 298, 300, 301, 302, 303, 305, 306, 308, 311, 313, 314, 315, 316, 317, 318, 319, 320, 323, 326, 327, 328, 329, 338, 339, 340, 341, 342, 343, 345, 346, 347, 348, 349, 350, 351, 352, 355, 373, 382, 386, 387, 388, 389, 397, 398, 399, 400, 401, 402, 403, 405, 463, 479, 481, 486, 487, 488, 489, 490, 491, 492, 493, 494, 495, 500, 501, 559, 562, 585, 730, 731, 732, 734, 735, 736, 737, 738, 768, 774, 775, 776, 790, 791, 840, 842, 843, 844, 845, 846, 852, 868, 873, 876, 932, 933, 935, 1055, 1056, 1089, 1096, 1166, 1168, 1169, 1207, 1208, 1226, 1240, 1287, 1289, 1316, 1318, 1326, 1473, 1535, 1537, 1538, 1539, 1541, 1542, 1543, 1572, 1573, 1574, 1575, 1577, 1640, 1641, 1642, 1658, 1668, 1675, 1690, 1701, 1702, 1703, 1713, 1714, 1725, 1726, 1740, 1745, 1748, 1750, 1786, 1787, 1917, 1924, 1925, 1927, 1929, 1930, 1931, 1932, 1933, 1935, 1954, 1955, 1956, 1957, 1958, 1963, 1975, 1976, 1977, 1978, 1979, 1980, 1981, 1982, 1984, 1988, 1990, 1995, 1996, 1997, 2015, 2019, 2022, 2023, 2025, 2026, 2027, 2028, 2029, 2030, 2031, 2039, 2044, 2054, 2055, 2070, 2188, 2371, 2418, 2419, 2694, 2704, 2708, 2751, 3473, 3512]
Cluster 55: [169]
Cluster 56: [173, 174]
Cluster 57: [179, 182]
Cluster 58: [195, 588, 589]
Cluster 59: [204]
Cluster 60: [205]
Cluster 61: [209, 210]
Cluster 62: [221]
Cluster 63: [224]
Cluster 64: [225, 228, 230, 237, 238, 247, 248, 254, 256, 290, 291, 307, 360, 367, 406, 714, 718, 719, 750, 751, 752, 753, 767, 769, 770, 771, 772, 793, 794, 795, 796, 797, 798, 801, 804, 809, 813, 1129, 1274, 1356, 1432, 1433, 1434, 1439]
Cluster 65: [232]
Cluster 66: [241]
Cluster 67: [253]
Cluster 68: [255, 271, 288, 289]
Cluster 69: [262]
Cluster 70: [264]
Cluster 71: [266]
Cluster 72: [282]
Cluster 73: [287, 922, 924, 925, 927]
Cluster 74: [292]
Cluster 75: [304]
Cluster 76: [321, 322, 330, 331, 332, 356, 357, 358, 359, 361, 362, 364, 374, 385, 392, 407, 408, 1742]
Cluster 77: [337]
Cluster 78: [344]
Cluster 79: [353, 354, 363, 365, 557]
Cluster 80: [366]
Cluster 81: [368, 369, 371]
Cluster 82: [370]
Cluster 83: [391, 744, 745]
Cluster 84: [393, 394]
Cluster 85: [395]
Cluster 86: [396]
Cluster 87: [409]
Cluster 88: [413]
Cluster 89: [416, 422]
Cluster 90: [425]
Cluster 91: [430]
Cluster 92: [434, 435, 445]
Cluster 93: [437]
Cluster 94: [449, 450, 451, 524, 525, 527, 528, 529, 532, 533, 534, 535, 536, 538, 543, 544, 545, 561, 564, 565, 566, 567, 568, 569, 575, 590, 599, 613, 642, 754, 756, 757, 758, 759, 773, 803, 819, 820, 886, 903, 914, 954, 1003]
Cluster 95: [477]
Cluster 96: [480]
Cluster 97: [508, 510]
Cluster 98: [511]
Cluster 99: [546]
Cluster 100: [551]
Cluster 101: [552]
Cluster 102: [560, 571, 572, 573, 574, 594, 600, 601, 602, 603, 604, 605, 606, 611, 612, 638, 639, 640, 644, 645, 646, 647, 648, 654, 656, 668, 701, 704, 705, 706, 707, 709, 713, 716, 717, 765, 807, 808, 810, 811, 812, 826, 834, 835, 836, 849, 855, 856, 857, 870, 871, 872, 874, 875, 877, 880, 881, 882, 883, 884, 895, 896, 897, 901, 902, 936, 938, 939, 942, 945, 946, 947, 948, 949, 950, 951, 952, 956, 957, 961, 964, 980, 984, 985, 986, 990, 991, 992, 993, 994, 999, 1000, 1027, 1028, 1029, 1030, 1033, 1034, 1036, 1037, 1058, 1059, 1085, 1088, 1123, 1125, 1126, 1127, 1128, 1130, 1132, 1139, 1141, 1173, 1210, 1211, 1214, 1215, 1221, 1222, 1224, 1225, 1228, 1229, 1230, 1231, 1238, 1246, 1262, 1264, 1265, 1269, 1270, 1271, 1272, 1273, 1276, 1277, 1278, 1279, 1280, 1284, 1285, 1297, 1303, 1387, 1388, 1393, 1395, 1409, 1410, 1419, 1430, 1555, 1659, 1660, 1661, 1667, 1674, 1676, 1677, 1678, 1679, 1715, 1716, 1717, 1718, 1720, 1721, 1722, 1734, 1735, 1736, 1737, 1741, 1749, 1751, 1752, 1755, 1756, 1757, 1764, 1767, 1768, 1807, 1820, 1821, 1823, 1824, 1870, 2093, 2101, 2213, 2466, 3216]
Cluster 103: [563, 570]
Cluster 104: [581]
Cluster 105: [597]
Cluster 106: [598]
Cluster 107: [625, 626]
Cluster 108: [630]
Cluster 109: [641]
Cluster 110: [659, 660, 661, 662, 664, 665, 666, 667, 669, 670, 671, 672, 673, 679, 690, 691, 692, 693, 720, 723, 739, 761, 764, 899, 900, 904, 937, 1869, 2920]
Cluster 111: [663]
Cluster 112: [674]
Cluster 113: [703]
Cluster 114: [725, 727]
Cluster 115: [741, 743]
Cluster 116: [755]
Cluster 117: [762]
Cluster 118: [766]
Cluster 119: [784, 785]
Cluster 120: [792]
Cluster 121: [814]
Cluster 122: [821]
Cluster 123: [865]
Cluster 124: [866]
Cluster 125: [885, 887, 892, 894, 926, 1051, 1052, 1797, 1798, 2826, 2834, 2835, 2836]
Cluster 126: [890, 891, 908]
Cluster 127: [898]
Cluster 128: [905]
Cluster 129: [907]
Cluster 130: [923]
Cluster 131: [930, 1232]
Cluster 132: [931, 934, 1381]
Cluster 133: [963]
Cluster 134: [971]
Cluster 135: [995]
Cluster 136: [1012, 1013]
Cluster 137: [1015]
Cluster 138: [1045]
Cluster 139: [1074]
Cluster 140: [1098]
Cluster 141: [1109]
Cluster 142: [1160, 1227, 1308]
Cluster 143: [1188, 1199]
Cluster 144: [1194]
Cluster 145: [1196]
Cluster 146: [1200, 1201, 1202, 1203, 1206]
Cluster 147: [1216, 1522, 1523]
Cluster 148: [1220]
Cluster 149: [1234]
Cluster 150: [1237]
Cluster 151: [1239]
Cluster 152: [1242, 1243]
Cluster 153: [1245]
Cluster 154: [1250]
Cluster 155: [1267]
Cluster 156: [1286, 1288, 1290, 1293, 1298, 1299, 1300, 1301, 1341]
Cluster 157: [1304, 1309, 1315]
Cluster 158: [1306]
Cluster 159: [1310]
Cluster 160: [1332]
Cluster 161: [1340]
Cluster 162: [1355, 1389]
Cluster 163: [1358, 1359]
Cluster 164: [1360]
Cluster 165: [1365]
Cluster 166: [1367]
Cluster 167: [1378, 1385, 3150]
Cluster 168: [1394, 1404, 1568, 1638]
Cluster 169: [1408]
Cluster 170: [1424]
Cluster 171: [1429]
Cluster 172: [1436]
Cluster 173: [1437]
Cluster 174: [1441]
Cluster 175: [1447]
Cluster 176: [1461]
Cluster 177: [1489]
Cluster 178: [1493, 1507, 1512, 1513, 1536, 1545, 1546, 1560, 1561, 1563, 1567, 1618, 1619, 1625, 1626, 1669, 1670, 1671, 1672, 1673, 1686, 1688, 1695, 1696, 1699, 1705, 1707, 1769, 2014, 3174, 4067, 4094]
Cluster 179: [1531]
Cluster 180: [1540]
Cluster 181: [1580]
Cluster 182: [1582, 1583, 1587, 1588, 1597, 1598, 1599, 1601, 1603, 1604, 1605, 1611, 1612, 1613, 1615, 1616, 1617, 1621, 1627, 1631, 1632, 1633, 1634, 1648, 1649, 1650, 1651, 1652, 1657, 1683, 1684, 1685, 1687, 1689, 1723, 1724, 1758, 1759, 1763, 1765, 1770, 1772, 1777, 1778, 1779, 1780, 1781, 1782, 1785, 1788, 1789, 1792, 1795, 1801, 1830, 1832, 1844, 1851, 1852, 1854, 1859, 1862, 1938, 2150, 2179, 2180, 2181, 2182, 2183]
Cluster 183: [1590]
Cluster 184: [1595, 1596, 1606]
Cluster 185: [1600]
Cluster 186: [1622]
Cluster 187: [1628]
Cluster 188: [1630, 1635, 1636, 1682, 1915]
Cluster 189: [1643]
Cluster 190: [1644, 1645, 1646]
Cluster 191: [1680]
Cluster 192: [1681, 1708, 1709]
Cluster 193: [1693]
Cluster 194: [1697, 1698]
Cluster 195: [1710]
Cluster 196: [1727, 1728]
Cluster 197: [1743, 1744]
Cluster 198: [1815]
Cluster 199: [1839]
Cluster 200: [1884]
Cluster 201: [1913]
Cluster 202: [1936]
Cluster 203: [1948, 1949]
Cluster 204: [1962]
Cluster 205: [1972]
Cluster 206: [1987]
Cluster 207: [1989, 1992, 1993, 2009, 2017, 2032, 2102, 2145, 3824, 3825, 3826]
Cluster 208: [1999]
Cluster 209: [2020, 2021]
Cluster 210: [2033]
Cluster 211: [2037]
Cluster 212: [2052]
Cluster 213: [2064, 2065, 2066, 2075, 2080, 3680]
Cluster 214: [2067]
Cluster 215: [2077]
Cluster 216: [2078, 3182, 3183]
Cluster 217: [2079, 2081]
Cluster 218: [2107]
Cluster 219: [2124]
Cluster 220: [2128, 2129]
Cluster 221: [2132]
Cluster 222: [2141]
Cluster 223: [2191]
Cluster 224: [2194, 2195, 2199, 2249]
Cluster 225: [2211]
Cluster 226: [2221]
Cluster 227: [2232]
Cluster 228: [2252]
Cluster 229: [2253]
Cluster 230: [2267, 2268, 2269, 2271, 2320, 2323]
Cluster 231: [2274]
Cluster 232: [2283]
Cluster 233: [2296, 2305, 2331]
Cluster 234: [2297, 2303]
Cluster 235: [2315, 2424, 2505, 2507, 2515, 2519, 2520, 2521, 2530, 2532, 2541, 2555, 2560, 2562, 2572, 2573, 2577, 2581, 2590, 2627, 2630, 2631, 2633, 2634, 2635, 2636, 2666, 2675, 2845, 2947, 2948, 3035, 3134]
Cluster 236: [2353]
Cluster 237: [2360, 2361, 2363, 2388]
Cluster 238: [2372]
Cluster 239: [2387, 2389, 2390, 2391, 2392, 2395, 2396, 2398, 2404, 2405, 2406, 2407, 2410, 2411, 2413, 2414, 2423, 2425, 2468, 2508, 2510, 2511, 2516, 2517, 2518, 2576, 2614, 2676, 2703, 2772, 2787, 2793, 2838, 2839, 2840, 2851, 2853, 2860, 2861, 2862, 2863, 2890, 2891, 2892, 2901, 2903, 2907, 2908, 2922, 3294, 3297, 3447, 3662, 4042, 4043, 4155]
Cluster 240: [2397]
Cluster 241: [2415, 2416]
Cluster 242: [2439, 2440, 2441, 2450, 2457]
Cluster 243: [2444, 2445, 2448]
Cluster 244: [2451, 2452, 2453]
Cluster 245: [2479]
Cluster 246: [2484]
Cluster 247: [2506]
Cluster 248: [2524, 2537, 2538, 2553, 2554]
Cluster 249: [2549]
Cluster 250: [2561]
Cluster 251: [2575, 2578]
Cluster 252: [2595]
Cluster 253: [2596, 2597, 2604, 2612, 2757, 2766, 2809, 2810, 2819, 2823, 3338, 3341, 3346, 3361, 3362, 3363, 3364, 3368, 3369, 3371, 3375, 3377, 3378, 3380, 3381, 3382, 3410, 3411, 3413, 3416, 3420, 3421, 3423, 3424, 3443, 3474, 3476, 3477, 3479, 3498, 3499, 3508, 3510, 3511, 3527, 3528, 3533, 3534, 3535, 3536, 3538, 3540, 3542, 3543, 3714, 3987, 3988, 4059, 4061, 4062, 4063, 4065, 4110, 4111, 4113, 4117, 4124, 4126, 4127, 4128, 4131, 4134, 4135, 4136, 4167, 4168, 4169, 4173, 4179, 4197, 4199, 4250, 4253, 4254, 4255, 4265, 4266]
Cluster 254: [2605]
Cluster 255: [2610]
Cluster 256: [2621]
Cluster 257: [2664]
Cluster 258: [2691, 2695, 2714]
Cluster 259: [2699]
Cluster 260: [2700, 2702]
Cluster 261: [2733]
Cluster 262: [2734]
Cluster 263: [2740, 3728, 3729]
Cluster 264: [2767]
Cluster 265: [2774, 2788]
Cluster 266: [2780, 2781, 2782]
Cluster 267: [2794, 2795, 2796, 2797, 2807, 2808, 2811, 2813, 2884, 2885, 2888, 2889, 2893, 2894, 2895, 2896, 2898, 2900, 2902, 2916, 2923, 2930, 2931, 2932, 2933, 2934, 2946, 2950, 2960, 2967, 2968, 2969, 2985, 3009, 3010, 3028, 3029, 3030, 3033, 3073, 3079, 3139, 3902]
Cluster 268: [2804]
Cluster 269: [2817]
Cluster 270: [2820]
Cluster 271: [2822, 2841]
Cluster 272: [2827, 2846, 2847, 2848, 2849, 2855, 2905, 2906, 2909, 2910, 2911, 2912, 2913, 2970, 2971, 2974, 2976, 2977, 2991, 2992, 2994, 2995, 2997, 2999, 3000, 3001, 3002, 3005, 3006, 3014, 3016, 3017, 3019, 3020, 3021, 3041, 3043, 3044, 3045, 3052, 3055, 3056, 3059, 3063, 3067, 3068, 3069, 3071, 3072, 3074, 3078, 3080, 3083, 3084, 3086, 3087, 3088, 3089, 3090, 3091, 3094, 3096, 3097, 3098, 3099, 3100, 3102, 3103, 3105, 3113, 3118, 3119, 3120, 3126, 3127, 3129, 3130, 3131, 3132, 3137, 3138, 3141, 3142, 3143, 3144, 3145, 3146, 3149, 3151, 3160, 3168, 3169, 3184, 3190, 3191, 3192, 3193, 3194, 3195, 3196, 3197, 3198, 3199, 3205, 3207, 3209, 3212, 3220, 3224, 3232, 3233, 3234, 3235, 3244, 3248, 3251, 3253, 3257, 3258, 3300, 3302, 3303, 3325, 3327, 3334, 3343, 3344, 3345, 3401, 3402, 3408, 3412, 3414, 3415, 3417, 3418, 3425, 3431, 3471, 3472, 3492, 3493, 3495, 3496, 3502, 3506, 3507, 3509, 3513, 3514, 3515, 3516, 3523, 3530, 3531, 3563, 3581, 3582, 3583, 3584, 3600, 3601, 3602, 3605, 3606, 3607, 3608, 3609, 3610, 3611, 3624, 3625, 3626, 3631, 3632, 3638, 3642, 3645, 3647, 3720, 3721, 3723, 3726, 3727, 3739, 3747, 3748, 3754, 3755, 3757, 3758, 3761, 3762, 3763, 3767, 3768, 3770, 3772, 3773, 3774, 3775, 3777, 3780, 3782, 3783, 3784, 3788, 3789, 3791, 3806, 3807, 3808, 3811, 3813, 3814, 3829, 3830, 3831, 3861, 3862, 3864, 3865, 3868, 3869, 3870, 3873, 3874, 3901, 3903, 3904, 3907, 3925, 3926, 3927, 3932, 3939, 3940, 3941, 3948, 3951, 3953, 3956, 3970, 3973, 3975, 3977, 3982, 4037, 4040, 4095, 4096, 4118, 4166, 4251, 4256, 4267]
Cluster 273: [2843]
Cluster 274: [2864]
Cluster 275: [2866, 2870, 2875, 2876, 2887]
Cluster 276: [2871]
Cluster 277: [2872]
Cluster 278: [2873]
Cluster 279: [2897]
Cluster 280: [2904]
Cluster 281: [2915]
Cluster 282: [2919]
Cluster 283: [2921, 3011, 3012]
Cluster 284: [2925]
Cluster 285: [2941]
Cluster 286: [2959]
Cluster 287: [2973]
Cluster 288: [2975]
Cluster 289: [2981, 3211, 3213, 3245, 3246]
Cluster 290: [2983]
Cluster 291: [2989, 2993]
Cluster 292: [2990]
Cluster 293: [3008]
Cluster 294: [3024]
Cluster 295: [3032]
Cluster 296: [3046, 3047, 3048, 3050, 3051, 3053, 3061, 3065, 3075, 3114, 3115, 3117, 3128, 3201, 3208, 3210, 3278, 3279]
Cluster 297: [3054]
Cluster 298: [3064]
Cluster 299: [3077, 3104, 3116]
Cluster 300: [3081]
Cluster 301: [3092, 3093]
Cluster 302: [3124]
Cluster 303: [3133]
Cluster 304: [3135, 3147, 3148, 3254]
Cluster 305: [3140]
Cluster 306: [3200]
Cluster 307: [3206]
Cluster 308: [3221]
Cluster 309: [3230]
Cluster 310: [3236, 3237]
Cluster 311: [3238]
Cluster 312: [3249]
Cluster 313: [3250]
Cluster 314: [3271]
Cluster 315: [3272, 3274]
Cluster 316: [3280, 3295]
Cluster 317: [3285]
Cluster 318: [3288]
Cluster 319: [3317]
Cluster 320: [3330]
Cluster 321: [3336]
Cluster 322: [3342]
Cluster 323: [3347]
Cluster 324: [3348]
Cluster 325: [3356]
Cluster 326: [3366]
Cluster 327: [3379]
Cluster 328: [3397]
Cluster 329: [3409, 3648]
Cluster 330: [3419, 3577]
Cluster 331: [3422, 3430]
Cluster 332: [3436]
Cluster 333: [3439]
Cluster 334: [3440]
Cluster 335: [3445]
Cluster 336: [3452]
Cluster 337: [3459]
Cluster 338: [3463]
Cluster 339: [3470]
Cluster 340: [3475]
Cluster 341: [3486]
Cluster 342: [3497]
Cluster 343: [3504]
Cluster 344: [3518]
Cluster 345: [3519]
Cluster 346: [3529]
Cluster 347: [3539]
Cluster 348: [3541]
Cluster 349: [3544]
Cluster 350: [3545, 3546, 3548, 3558, 3559, 3561, 3562, 3564, 3565, 3566, 3567, 3568, 3569, 3570, 3571, 3572, 3574, 3595, 3815]
Cluster 351: [3557, 3816]
Cluster 352: [3573]
Cluster 353: [3589]
Cluster 354: [3598, 3599]
Cluster 355: [3615, 3616]
Cluster 356: [3629, 3630]
Cluster 357: [3644, 3646]
Cluster 358: [3649, 3650, 3651, 3722, 3725, 3735, 3736, 3737, 3738, 3743, 3744, 3745, 3746, 3749, 3750, 3787, 3812, 3836, 3860, 3875, 3919, 3920, 4066, 4068, 4069, 4070, 4085, 4086, 4087, 4089, 4165, 4170, 4175, 4177, 4178, 4181, 4182, 4183, 4184, 4185, 4189, 4190, 4191, 4193, 4198, 4204, 4209, 4210, 4213, 4214, 4215, 4217, 4218, 4219, 4221, 4224, 4227, 4231, 4232, 4238, 4261, 4262, 4263, 4264]
Cluster 359: [3652, 3690]
Cluster 360: [3653]
Cluster 361: [3660, 3661]
Cluster 362: [3701]
Cluster 363: [3705]
Cluster 364: [3706]
Cluster 365: [3707]
Cluster 366: [3712, 3713]
Cluster 367: [3724]
Cluster 368: [3731, 3732]
Cluster 369: [3740]
Cluster 370: [3741]
Cluster 371: [3742]
Cluster 372: [3751]
Cluster 373: [3752]
Cluster 374: [3753]
Cluster 375: [3756, 3771]
Cluster 376: [3760]
Cluster 377: [3769]
Cluster 378: [3776]
Cluster 379: [3778]
Cluster 380: [3779]
Cluster 381: [3781, 3790, 3793]
Cluster 382: [3785]
Cluster 383: [3798]
Cluster 384: [3803, 3833]
Cluster 385: [3804]
Cluster 386: [3809]
Cluster 387: [3818, 3850]
Cluster 388: [3819, 3827, 3828, 3949]
Cluster 389: [3821, 3855, 3856, 3859, 4230]
Cluster 390: [3823]
Cluster 391: [3834, 3985]
Cluster 392: [3837]
Cluster 393: [3838]
Cluster 394: [3839]
Cluster 395: [3840, 3841, 3843]
Cluster 396: [3842]
Cluster 397: [3846, 3849]
Cluster 398: [3854, 3876]
Cluster 399: [3863]
Cluster 400: [3866, 3867, 3871]
Cluster 401: [3872]
Cluster 402: [3877, 3879, 3880, 3881, 3882, 3883, 3884, 3885, 3886, 3887, 3888, 3890, 3891, 3892, 3911, 3912, 3913, 3914, 3915, 3916, 3917, 3918, 3921, 3922, 3923, 3954, 3955, 3957, 3958, 3959, 3960, 3961, 3962, 3964, 3966, 3968, 3969, 3999, 4000, 4006, 4019, 4039, 4075, 4116, 4152, 4153, 4157, 4200, 4202, 4205, 4206, 4208, 4220]
Cluster 403: [3878]
Cluster 404: [3889]
Cluster 405: [3893]
Cluster 406: [3898, 3899, 3906]
Cluster 407: [3905]
Cluster 408: [3909]
Cluster 409: [3910]
Cluster 410: [3928]
Cluster 411: [3929]
Cluster 412: [3933, 3936, 3978]
Cluster 413: [3937, 3938, 3943, 3974, 4022, 4023, 4024, 4028]
Cluster 414: [3942]
Cluster 415: [3944, 3945, 3946]
Cluster 416: [3947]
Cluster 417: [3952]
Cluster 418: [3963, 3967]
Cluster 419: [3965]
Cluster 420: [3971, 3972]
Cluster 421: [3976]
Cluster 422: [3979]
Cluster 423: [3980, 4072]
Cluster 424: [3981, 3983]
Cluster 425: [3984]
Cluster 426: [3991, 3992, 3995]
Cluster 427: [4001, 4007, 4017, 4020, 4057]
Cluster 428: [4009]
Cluster 429: [4029]
Cluster 430: [4032, 4033]
Cluster 431: [4038]
Cluster 432: [4044]
Cluster 433: [4048]
Cluster 434: [4049]
Cluster 435: [4064]
Cluster 436: [4073]
Cluster 437: [4082]
Cluster 438: [4084]
Cluster 439: [4098]
Cluster 440: [4099]
Cluster 441: [4100]
Cluster 442: [4101]
Cluster 443: [4103, 4104, 4105, 4106, 4107, 4108, 4109, 4112, 4114, 4115, 4121, 4122, 4188]
Cluster 444: [4119, 4143]
Cluster 445: [4123]
Cluster 446: [4125]
Cluster 447: [4129]
Cluster 448: [4130, 4139]
Cluster 449: [4132]
Cluster 450: [4137]
Cluster 451: [4138]
Cluster 452: [4145]
Cluster 453: [4146]
Cluster 454: [4147]
Cluster 455: [4148]
Cluster 456: [4154]
Cluster 457: [4156]
Cluster 458: [4158]
Cluster 459: [4159]
Cluster 460: [4160]
Cluster 461: [4162, 4163]
Cluster 462: [4164]
Cluster 463: [4171]
Cluster 464: [4172]
Cluster 465: [4176, 4195, 4201, 4211, 4212, 4216]
Cluster 466: [4180]
Cluster 467: [4186]
Cluster 468: [4187]
Cluster 469: [4192]
Cluster 470: [4196]
Cluster 471: [4222]
Cluster 472: [4223, 4225]
Cluster 473: [4226, 4228, 4229]
Cluster 474: [4233, 4234]
Cluster 475: [4236]
Cluster 476: [4239]
Cluster 477: [4246]
Cluster 478: [4247]
Cluster 479: [4252]
Cluster 480: [4257, 4258, 4259, 4268, 4269]
Cluster 481: [4270]
